L	B	RA	DEC	FWHM250	FWHM160	FWHM70
301.13649030934675	-0.22572429415777745	188.8965	-63.0422	30.120424963801558	27.536339626028727	25.427544120500507
305.20828294773065	0.20624628340694878	197.8071	-62.578	32.5613267542955	30.18691769624716	28.276492003075628
305.35696843575806	0.2032534388499263	198.1294	-62.5692	31.41018974045286	28.941493042537562	26.942902952934563
305.3617501935502	0.15128727899184183	198.149	-62.6206	30.92313050129304	28.412145290350743	26.373471519691904
305.36659108308726	0.21289782200238688	198.1485	-62.5588	31.737044600907627	29.295904150580505	27.323250172700902
305.79936633596714	-0.24460257657676104	199.1804	-62.9755	29.32984827782101	26.669270706189174	24.485914318236105
309.92120030221633	0.47778264420690036	207.676	-61.5871	27.32398200095965	24.446062922048753	22.043593000887284
311.62605590774956	0.2899572132521111	211.2276	-61.3354	31.737044600907627	29.295904150580505	27.323250172700902
314.2197340011495	0.2706056709625673	216.3037	-60.5295	29.370052294803294	26.71347921554735	24.53405738559116
316.8131449554898	-0.059005731371386885	221.3654	-59.8217	32.42838281196726	30.04346870452035	28.123300158400575
318.0494206268071	0.08600120584399387	223.4281	-59.1489	31.737044600907627	29.295904150580505	27.323250172700902
318.9471155855967	-0.19699181984554606	225.2303	-58.9824	31.737044600907627	29.295904150580505	27.323250172700902
322.15814683803075	0.6353680581974288	229.6446	-56.641	32.5613267542955	30.18691769624716	28.276492003075628
322.16323815976455	0.6219953339304523	229.6654	-56.6496	28.347839563622077	25.585347524019625	23.300643937987147
323.7406713900335	-0.26360653753574154	232.9412	-56.5144	30.92313050129304	28.412145290350743	26.373471519691904
324.2006077396844	0.12066330839120326	233.221	-55.9356	31.737044600907627	29.295904150580505	27.323250172700902
326.47455051926073	0.7025999273158299	235.8191	-54.1209	32.5613267542955	30.18691769624716	28.276492003075628
326.65776521588987	0.5940945356885633	236.1797	-54.0955	39.529736250759576	37.59800590529524	36.08212920622362
326.67061043363543	0.5537392377305259	236.2391	-54.1196	30.92313050129304	28.412145290350743	26.373471519691904
326.72366298993825	0.6147329788167001	236.2471	-54.0389	32.5613267542955	30.18691769624716	28.276492003075628
327.2921752743654	-0.5792506973341024	238.2851	-54.6191	29.32984827782101	26.669270706189174	24.485914318236105
327.3005479586015	-0.5509440729809459	238.2653	-54.5919	32.42838281196726	30.04346870452035	28.123300158400575
327.4024274546768	0.4435940976949202	237.3325	-53.7544	31.737044600907627	29.295904150580505	27.323250172700902
328.2353545995734	-0.5481837758164091	239.4923	-53.9911	29.370052294803294	26.71347921554735	24.53405738559116
328.2551639678331	-0.5322052021585498	239.5004	-53.9661	31.737044600907627	29.295904150580505	27.323250172700902
328.30727742411517	0.43000338537984	238.5274	-53.1948	31.737044600907627	29.295904150580505	27.323250172700902
328.5670319633165	-0.5345401920863336	239.9052	-53.7654	27.32398200095965	24.446062922048753	22.043593000887284
328.57634463857744	-0.530410010385438	239.9126	-53.7562	31.737044600907627	29.295904150580505	27.323250172700902
328.8086683415379	0.6327353957314955	238.9526	-52.7185	30.92313050129304	28.412145290350743	26.373471519691904
329.03034688314824	-0.20228721161001265	240.1308	-53.2113	34.46157332021199	32.22747330623899	30.44536148092755
329.1835942809714	-0.31475625846464966	240.4471	-53.1958	30.92313050129304	28.412145290350743	26.373471519691904
329.33822115755567	0.1470236048597759	240.1384	-52.7457	27.32398200095965	24.446062922048753	22.043593000887284
329.4058105771183	-0.45897425888523025	240.8845	-53.1577	28.347839563622077	25.585347524019625	23.300643937987147
330.87884106686926	-0.3681263757836072	242.5849	-52.1027	30.92313050129304	28.412145290350743	26.373471519691904
330.9545018050688	-0.18277310547646974	242.4709	-51.9152	29.32984827782101	26.669270706189174	24.485914318236105
331.1322362136868	-0.24467914504338123	242.7503	-51.8399	30.92313050129304	28.412145290350743	26.373471519691904
331.280006204938	-0.18890121814237168	242.8637	-51.6984	32.5613267542955	30.18691769624716	28.276492003075628
331.51226290642444	-0.10331532820688279	243.0428	-51.4773	30.92313050129304	28.412145290350743	26.373471519691904
331.55594929247434	-0.1222037090978237	243.1147	-51.4612	30.92313050129304	28.412145290350743	26.373471519691904
332.09464874106436	-0.4210524877039915	244.0702	-51.3066	32.5613267542955	30.18691769624716	28.276492003075628
332.8262136867904	-0.5494024492935093	245.0466	-50.8875	30.92313050129304	28.412145290350743	26.373471519691904
332.963024239096	-0.678179689925204	245.3443	-50.8825	27.32398200095965	24.446062922048753	22.043593000887284
333.0670628884685	-0.44680359786759805	245.2029	-50.6451	28.347839563622077	25.585347524019625	23.300643937987147
333.1206044590611	-0.4336039327865754	245.2481	-50.598	28.347839563622077	25.585347524019625	23.300643937987147
333.13412304880876	-0.43153330315313637	245.2609	-50.587	29.370052294803294	26.71347921554735	24.53405738559116
333.2841848162604	-0.38692951772857087	245.3786	-50.4495	33.44547858379877	31.138561908015948	29.290272065983643
333.2990527852898	-0.3509137476018479	245.3552	-50.4135	32.42838281196726	30.04346870452035	28.123300158400575
333.4659715686816	-0.1641681392740661	245.3339	-50.1634	28.347839563622077	25.585347524019625	23.300643937987147
333.6036566720678	-0.21310298520845056	245.5398	-50.1007	32.42838281196726	30.04346870452035	28.123300158400575
335.5856755644222	-0.29063288223419265	247.746	-48.7314	32.5613267542955	30.18691769624716	28.276492003075628
335.78959684773673	0.1736012110680085	247.4483	-48.2643	27.32398200095965	24.446062922048753	22.043593000887284
336.0177351318953	-0.8283446445727038	248.7896	-48.7808	30.92313050129304	28.412145290350743	26.373471519691904
336.9943800752657	-0.027082609163522002	248.8919	-47.5194	29.32984827782101	26.669270706189174	24.485914318236105
337.1211849485719	-0.17419849286560948	249.1794	-47.5247	32.42838281196726	30.04346870452035	28.123300158400575
337.40522028070757	-0.40246848767572985	249.7118	-47.4665	31.737044600907627	29.295904150580505	27.323250172700902
337.7046004651342	-0.053559934680515356	249.6233	-47.0107	30.92313050129304	28.412145290350743	26.373471519691904
337.71299063184523	0.0873086697034725	249.478	-46.9103	29.32984827782101	26.669270706189174	24.485914318236105
337.91542646458106	-0.477367278756754	250.294	-47.1348	30.120424963801558	27.536339626028727	25.427544120500507
337.9218913241296	-0.45551831401403403	250.2762	-47.1155	33.44547858379877	31.138561908015948	29.290272065983643
338.07482675853356	0.011038801503106346	249.9136	-46.6916	30.39078857411598	27.831816867689728	25.74723344665633
338.9188750880585	0.549384585960018	250.1415	-45.703	30.120424963801558	27.536339626028727	25.427544120500507
340.0542421179858	-0.24430182249737448	252.0585	-45.3627	31.737044600907627	29.295904150580505	27.323250172700902
340.9697667938254	-1.0212715649604773	253.7377	-45.1515	31.737044600907627	29.295904150580505	27.323250172700902
343.12710431071275	-0.06324820188735487	254.5724	-42.8687	32.5613267542955	30.18691769624716	28.276492003075628
343.7558877218637	-0.1641094636543491	255.2087	-42.4368	30.120424963801558	27.536339626028727	25.427544120500507
344.22067128759886	-0.5938608548963068	256.0538	-42.3317	31.737044600907627	29.295904150580505	27.323250172700902
344.2275914966234	-0.5688347303263087	256.0326	-42.311	30.92313050129304	28.412145290350743	26.373471519691904
345.00293873345714	-0.2241859730054628	256.2961	-41.4855	31.737044600907627	29.295904150580505	27.323250172700902
345.4048085500558	-0.9420896328731662	257.3855	-41.595	27.32398200095965	24.446062922048753	22.043593000887284
345.40699705159585	-0.9521013725907745	257.398	-41.5992	33.44547858379877	31.138561908015948	29.290272065983643
345.4871371246026	0.3141456053458673	256.1172	-40.7741	33.44547858379877	31.138561908015948	29.290272065983643
345.5045453076305	0.3480282066788862	256.0956	-40.7397	29.370052294803294	26.71347921554735	24.53405738559116
345.64870155167944	0.008824058557368052	256.5675	-40.8301	30.92313050129304	28.412145290350743	26.373471519691904
347.6278758829539	0.1486098997438713	257.962	-39.1581	28.347839563622077	25.585347524019625	23.300643937987147
348.1825907539102	0.4828753855633098	258.0355	-38.513	30.92313050129304	28.412145290350743	26.373471519691904
348.5494458599121	-0.9790019960207202	259.835	-39.0647	32.5613267542955	30.18691769624716	28.276492003075628
348.696932919305	-1.0283693444077868	259.9958	-38.9721	32.5613267542955	30.18691769624716	28.276492003075628
348.70075465960997	-1.0427648634975586	260.0138	-38.9772	31.41018974045286	28.941493042537562	26.942902952934563
348.72608789351915	-1.039230329903141	260.0287	-38.9544	32.5613267542955	30.18691769624716	28.276492003075628
349.09151053092313	0.10577558535893472	259.1019	-37.9962	30.120424963801558	27.536339626028727	25.427544120500507
350.0094379135729	-1.3401598398326544	261.2744	-38.0674	40.541336450034905	38.66018573616698	37.187631830420834
350.1018994808596	0.08164032112063387	259.8622	-37.1847	28.347839563622077	25.585347524019625	23.300643937987147
350.1114169490069	0.09053898571638148	259.8599	-37.1718	39.529736250759576	37.59800590529524	36.08212920622362
350.5052339262351	0.9582128363551443	259.2577	-36.3501	38.51752672174608	36.532312611719824	34.9702711565184
351.15989252920076	0.6980836581369524	259.9877	-35.9644	29.370052294803294	26.71347921554735	24.53405738559116
351.2437289852576	0.668584779591981	260.0768	-35.9125	38.51752672174608	36.532312611719824	34.9702711565184
351.2509142050613	0.6526655364298186	260.098	-35.9157	30.39078857411598	27.831816867689728	25.74723344665633
351.4161596263212	0.6464034737608282	260.2207	-35.7836	29.32984827782101	26.669270706189174	24.485914318236105
351.4440967697175	0.6578926385650888	260.2287	-35.7541	36.4910942584932	34.38909653047366	32.724913448048035
351.581511908492	-0.3528871895943809	261.355	-36.2123	31.737044600907627	29.295904150580505	27.323250172700902
351.7747418635369	-0.5370121298116982	261.678	-36.1551	30.92313050129304	28.412145290350743	26.373471519691904
353.41031333035556	-0.36110893892892376	262.6104	-34.6961	34.46157332021199	32.22747330623899	30.44536148092755
0.654843361035245	-0.04075444986176475	266.8324	-28.3978	31.41018974045286	28.941493042537562	26.942902952934563
0.6652567859895416	-0.03362592082581179	266.8316	-28.3852	27.32398200095965	24.446062922048753	22.043593000887284
0.6769413096488799	-0.02685897072158708	266.8319	-28.3717	29.32984827782101	26.669270706189174	24.485914318236105
3.4388947783751047	-0.3492220107933612	268.7328	-26.1631	28.347839563622077	25.585347524019625	23.300643937987147
5.884333782553291	-0.3925280112845612	270.1264	-24.0679	30.120424963801558	27.536339626028727	25.427544120500507
5.899773506089589	-0.42860946030360114	270.1691	-24.0724	31.737044600907627	29.295904150580505	27.323250172700902
8.141058798802122	0.22288388482319754	270.7574	-21.8021	34.46157332021199	32.22747330623899	30.44536148092755
8.670273624489806	-0.35571940295526167	271.5795	-21.6246	32.5613267542955	30.18691769624716	28.276492003075628
9.620721346698463	0.19348060481894788	271.563	-20.527	31.737044600907627	29.295904150580505	27.323250172700902
10.29909621838081	-0.14704864011530788	272.2321	-20.0999	31.41018974045286	28.941493042537562	26.942902952934563
10.472329287821506	0.02763200757717879	272.1589	-19.8637	28.552407954496587	25.811818998280614	23.54909764725604
10.623801560378615	-0.38340424326434475	272.6194	-19.93	31.737044600907627	29.295904150580505	27.323250172700902
11.93653100400426	-0.6158347691060325	273.5042	-18.8904	28.347839563622077	25.585347524019625	23.300643937987147
12.20803679919866	-0.10200997836735835	273.1655	-18.4059	30.120424963801558	27.536339626028727	25.427544120500507
12.416631281789895	0.5052487612747291	272.7108	-17.9309	29.370052294803294	26.71347921554735	24.53405738559116
12.805774188054544	-0.1994643290600708	273.5569	-17.9279	32.42838281196726	30.04346870452035	28.123300158400575
12.888253670906154	0.4896043723463329	272.9636	-17.5251	30.92313050129304	28.412145290350743	26.373471519691904
12.907130030978971	-0.25958918212535564	273.6633	-17.8676	30.39078857411598	27.831816867689728	25.74723344665633
14.331400116916287	-0.6446586459148836	274.7273	-16.7975	30.92313050129304	28.412145290350743	26.373471519691904
15.012249622794686	-0.7070218760530449	275.1199	-16.2268	27.32398200095965	24.446062922048753	22.043593000887284
17.636670592856955	0.15430816277105552	275.6111	-13.5058	31.41018974045286	28.941493042537562	26.942902952934563
19.076217703647405	-0.2876734080047719	276.7029	-12.4401	28.347839563622077	25.585347524019625	23.300643937987147
19.608442119666357	-0.23468320434230475	276.9084	-11.9444	30.120424963801558	27.536339626028727	25.427544120500507
20.080427056054763	-0.13586438282187396	277.0432	-11.4806	29.32984827782101	26.669270706189174	24.485914318236105
23.20565178335287	-0.37727208333453516	278.7292	-8.8214	30.120424963801558	27.536339626028727	25.427544120500507
24.32707306404443	0.14446304330851473	278.7829	-7.5857	30.120424963801558	27.536339626028727	25.427544120500507
24.7886191487781	0.08317150656891972	279.0519	-7.2041	32.5613267542955	30.18691769624716	28.276492003075628
25.649572980536835	1.0505569237232466	278.5861	-5.9946	30.39078857411598	27.831816867689728	25.74723344665633
25.824678825053336	-0.17841736683447337	279.765	-6.4038	30.92313050129304	28.412145290350743	26.373471519691904
26.509372277383033	0.282236778692958	279.6691	-5.5841	30.120424963801558	27.536339626028727	25.427544120500507
27.36520964303156	-0.16547321636871937	280.4625	-5.0284	30.92313050129304	28.412145290350743	26.373471519691904
28.199697104712282	-0.04959763995641516	280.742	-4.2333	31.737044600907627	29.295904150580505	27.323250172700902
29.955012639086604	-0.016290274130959778	281.5156	-2.6566	30.92313050129304	28.412145290350743	26.373471519691904
30.70164928057256	-0.0672668105897328	281.902	-2.0155	27.32398200095965	24.446062922048753	22.043593000887284
30.717403074647017	-0.08221306211995709	281.9225	-2.0083	31.737044600907627	29.295904150580505	27.323250172700902
30.81664471043086	-0.05615558992697596	281.9446	-1.9081	31.737044600907627	29.295904150580505	27.323250172700902
31.280426371166755	0.062189304704619995	282.0509	-1.4414	27.32398200095965	24.446062922048753	22.043593000887284
31.412105843556873	0.3075318279748953	281.8926	-1.2123	29.32984827782101	26.669270706189174	24.485914318236105
32.79686630096359	0.19078654251527943	282.6281	-0.0332	30.92313050129304	28.412145290350743	26.373471519691904
33.9147636629532	0.10940135150684578	283.2103	0.9246	27.32398200095965	24.446062922048753	22.043593000887284
34.2573057432133	0.15336717792420906	283.3274	1.2495	31.737044600907627	29.295904150580505	27.323250172700902
34.4112940977198	0.23440710758028552	283.3255	1.4235	30.92313050129304	28.412145290350743	26.373471519691904
35.19763127284016	-0.7428119190729621	284.5543	1.6773	28.347839563622077	25.585347524019625	23.300643937987147
43.164813019620446	-0.028770817688357802	287.591	9.0837	29.32984827782101	26.669270706189174	24.485914318236105
43.16681279123633	0.01134557201606168	287.5559	9.104	32.5613267542955	30.18691769624716	28.276492003075628
43.795048165120946	-0.12703519043924308	287.9746	9.5971	30.92313050129304	28.412145290350743	26.373471519691904
45.070256958324016	0.13180860715525122	288.3419	10.8471	31.737044600907627	29.295904150580505	27.323250172700902
45.12132417150079	0.13172153957989297	288.3661	10.8923	30.39078857411598	27.831816867689728	25.74723344665633
49.36812282933527	-0.3004763733546042	290.7944	14.4435	32.5613267542955	30.18691769624716	28.276492003075628
49.488869579987025	-0.3883421688826007	290.9333	14.5084	30.120424963801558	27.536339626028727	25.427544120500507
49.48977790408863	-0.3697280030558029	290.9168	14.518	30.120424963801558	27.536339626028727	25.427544120500507
291.27214512180973	-0.7150646090917738	167.9635	-61.3119	41.55237756773757	39.719139989831355	38.28733578524132
291.57955903988403	-0.4329440129974103	168.7736	-61.1631	32.5613267542955	30.18691769624716	28.276492003075628
